0.0929093 0.9069886 0.0001021
0.1195427 0.8803553 0.0001019
0.0541398 0.9457583 0.0001019
0.1679196 0.8319784 0.0001020
0.0287461 0.9711520 0.0001019
0.0326655 0.9672326 0.0001020
0.0177073 0.9821910 0.0001017
0.0147843 0.9851140 0.0001017
0.0016386 0.9982595 0.0001019
0.0212653 0.9786328 0.0001019
0.0001017 0.9970148 0.0028835
0.0001016 0.9997969 0.0001016
0.0139883 0.9859098 0.0001019
0.0194977 0.9804003 0.0001020
0.1758322 0.8240659 0.0001019
0.1562333 0.8436648 0.0001019
0.0160180 0.7347677 0.2492142
0.0025722 0.7977560 0.1996718
0.0001020 0.8061961 0.1937019
0.0001010 0.7770721 0.2228268
0.0001007 0.7522725 0.2476267
0.0001008 0.8138844 0.1860148
0.0001008 0.7742938 0.2256053
0.0001019 0.7843577 0.2155404
0.6752344 0.3246638 0.0001018
0.7019125 0.2979857 0.0001018
0.6786060 0.3212923 0.0001018
0.6986413 0.2996563 0.0017024
0.7338495 0.2660486 0.0001019
0.8015662 0.1983321 0.0001017
0.7633954 0.2365031 0.0001015
0.7705380 0.2293601 0.0001019
0.7669872 0.2329113 0.0001015
0.6407846 0.3154937 0.0437217
0.7486267 0.2435406 0.0078327
0.7027625 0.2971359 0.0001016
0.7280983 0.2717998 0.0001019
0.7522230 0.2476752 0.0001019
0.7354714 0.2644269 0.0001017
0.7510631 0.2488350 0.0001018
0.5668738 0.3999057 0.0332205
0.6977564 0.2765570 0.0256867
0.8176492 0.1822489 0.0001019
0.6677040 0.2961892 0.0361068
0.5856860 0.3908590 0.0234551
0.6907534 0.3078598 0.0013869
0.6948324 0.2786295 0.0265380
0.9638487 0.0265976 0.0095537
0.6357419 0.1660311 0.1982270
0.7576367 0.1882632 0.0541001
0.7022431 0.1964855 0.1012713
0.5937821 0.2543806 0.1518373
0.7680730 0.1455638 0.0863632
0.6354452 0.2867987 0.0777562
0.8202596 0.1180844 0.0616559
0.6642633 0.1922906 0.1434461
0.7404231 0.1192238 0.1403531
0.6922240 0.1887238 0.1190523
0.9045781 0.0929922 0.0024296
0.7471057 0.1707035 0.0821908
0.9273160 0.0725822 0.0001018
0.9820910 0.0007576 0.0171514
0.9821787 0.0002071 0.0176142
0.8447804 0.1261377 0.0290820
0.8619369 0.0864487 0.0516144
0.7705196 0.1919294 0.0375510
0.8420558 0.0764523 0.0814919
0.9491715 0.0432848 0.0075437
0.9131692 0.0108955 0.0759352
0.7412332 0.2533537 0.0054131
0.8589806 0.0650982 0.0759212
0.7220445 0.1213775 0.1565779
0.7552502 0.1000642 0.1446856
0.6813531 0.2531670 0.0654799
0.7823582 0.1421513 0.0754904
0.7213851 0.1878982 0.0907168
0.7071226 0.1710563 0.1218212
0.7007923 0.1156495 0.1835582
0.6575148 0.2209189 0.1215664
0.6723914 0.0001017 0.3275069
0.6501283 0.0001016 0.3497701
0.8540247 0.0588749 0.0871004
0.7677228 0.1244327 0.1078445
0.7611244 0.1611348 0.0777407
0.7867026 0.0111986 0.2020988
0.7873363 0.0853449 0.1273188
0.2851588 0.1603255 0.5545158
0.7728909 0.1001762 0.1269330
0.6808155 0.0758128 0.2433717
0.8589548 0.0000994 0.1409458
0.8575194 0.0000994 0.1423811
0.8177757 0.0930743 0.0891500
0.3947755 0.2042686 0.4009559
0.7997436 0.0768113 0.1234451
0.5123163 0.0399371 0.4477466
0.0001011 0.0001011 0.9997979
0.0001005 0.0001005 0.9997990
0.0001011 0.0001011 0.9997978
0.0001012 0.0001012 0.9997976
0.0001012 0.0001012 0.9997976
0.0001017 0.0001017 0.9997966
0.0001009 0.0001009 0.9997982
0.0001008 0.0001008 0.9997985
0.0001007 0.0001007 0.9997986
0.0001001 0.0001001 0.9997998
0.0001004 0.0001004 0.9997993
0.0001000 0.0001000 0.9998000
0.0001001 0.0001001 0.9997998
0.0001000 0.0001000 0.9998000
0.0001000 0.0001000 0.9998000
0.0001000 0.0001000 0.9998000
0.0001000 0.0001000 0.9998000
0.0001000 0.0001000 0.9998000
