0.0001021 0.1424226 0.8442221 0.0132531
0.0001020 0.1781451 0.8154016 0.0063514
0.0001019 0.1038614 0.8858848 0.0101519
0.0001020 0.2017138 0.7720020 0.0261821
0.0001019 0.0832416 0.9107331 0.0059234
0.0001018 0.1151709 0.8846255 0.0001018
0.0001018 0.0739905 0.9219753 0.0039324
0.0001017 0.0850585 0.9147382 0.0001017
0.0001017 0.0864416 0.9133549 0.0001017
0.0001018 0.0959864 0.9038099 0.0001018
0.0009231 0.0549682 0.9440067 0.0001020
0.0001017 0.0656674 0.9341292 0.0001017
0.0001017 0.0971320 0.9026645 0.0001017
0.0001019 0.0904693 0.9093269 0.0001019
0.0001020 0.2204714 0.7616948 0.0177317
0.0001019 0.2257687 0.7740275 0.0001019
0.2452080 0.0856842 0.6690055 0.0001022
0.1791274 0.0001020 0.7350901 0.0856804
0.1769714 0.0001018 0.7528628 0.0700639
0.1931531 0.0000999 0.6965622 0.1101848
0.2399485 0.0001009 0.7275725 0.0323781
0.1625046 0.0001000 0.7464340 0.0909613
0.2244053 0.0001014 0.7633360 0.0121573
0.2000199 0.0001018 0.7352711 0.0646072
0.0001018 0.7103272 0.2534246 0.0361464
0.0001019 0.6968464 0.2363176 0.0667342
0.0001018 0.6924986 0.2556677 0.0517319
0.0116626 0.7637612 0.2183689 0.0062074
0.0001018 0.7829105 0.1903381 0.0266495
0.0001017 0.8312348 0.1243489 0.0443146
0.0001015 0.7758372 0.1695944 0.0544668
0.0085328 0.8658565 0.1255091 0.0001014
0.0001016 0.6913128 0.1861275 0.1224582
0.0270924 0.5464846 0.2742740 0.1521490
0.0001022 0.6787265 0.1919136 0.1292576
0.0001016 0.6957169 0.2363027 0.0678788
0.0001020 0.6843578 0.2146927 0.1008476
0.0001020 0.6454189 0.2035161 0.1509629
0.0001019 0.6435118 0.2191363 0.1372501
0.0001019 0.6696491 0.2001247 0.1301243
0.0406357 0.6416072 0.3176553 0.0001019
0.0365970 0.7790392 0.1842622 0.0001017
0.0001020 0.6841085 0.1403828 0.1754067
0.0208183 0.5731729 0.2538874 0.1521214
0.0112833 0.5243141 0.3421064 0.1222962
0.0131204 0.7693895 0.2173884 0.0001017
0.0322977 0.7350894 0.2076848 0.0249281
0.0001023 0.6418558 0.0144486 0.3435933
0.1707310 0.4510305 0.1493699 0.2288688
0.0221174 0.5411434 0.1656012 0.2711379
0.0804962 0.5612580 0.1661055 0.1921404
0.1595950 0.6536805 0.1866225 0.0001020
0.0553588 0.5543144 0.1258418 0.2644849
0.0771393 0.6385875 0.2279831 0.0562901
0.0488589 0.7221597 0.0751831 0.1537983
0.1252136 0.5404671 0.1615422 0.1727772
0.1333537 0.6799256 0.0759189 0.1108019
0.1139707 0.6569872 0.1375935 0.0914486
0.0043298 0.8972012 0.0294146 0.0690544
0.0831849 0.7448657 0.1119972 0.0599522
0.0119088 0.9878898 0.0001007 0.0001007
0.0344813 0.9653208 0.0000989 0.0000989
0.0350462 0.9647561 0.0000988 0.0000988
0.0001026 0.6091815 0.1059211 0.2847948
0.0196017 0.6309935 0.0657381 0.2836668
0.0306715 0.7230642 0.1373462 0.1089182
0.0688399 0.7452236 0.0304879 0.1554486
0.0001023 0.6268936 0.0311028 0.3419014
0.0644072 0.7877243 0.0001018 0.1477668
0.0001021 0.6936280 0.1974572 0.1088127
0.0663994 0.7798036 0.0164270 0.1373699
0.1631173 0.7555532 0.0584087 0.0229209
0.1275678 0.6284205 0.0677953 0.1762164
0.0474853 0.5678126 0.2140377 0.1706644
0.0576108 0.6551421 0.1056482 0.1815990
0.0951824 0.7428684 0.1237890 0.0381601
0.1200986 0.6880290 0.1183674 0.0735049
0.1499499 0.4727669 0.1016478 0.2756355
0.1075922 0.5647349 0.1832342 0.1444388
0.3095009 0.5199615 0.0001018 0.1704358
0.3358389 0.5239529 0.0001015 0.1401066
0.0944972 0.8732330 0.0001018 0.0321680
0.0934896 0.6649366 0.0832967 0.1582771
0.0735535 0.7265934 0.1058005 0.0940527
0.1851094 0.6409512 0.0001021 0.1738372
0.1125919 0.6777148 0.0461402 0.1635532
0.5559543 0.3266139 0.1173297 0.0001020
0.1026420 0.6017612 0.0736350 0.2219618
0.2170587 0.4959798 0.0579781 0.2289834
0.0137687 0.0000994 0.0000994 0.9860325
0.0141974 0.0000993 0.0000993 0.9856041
0.0512970 0.5517867 0.0816529 0.3152635
0.4003580 0.3977201 0.1674382 0.0344838
0.1092587 0.6909295 0.0384079 0.1614039
0.4231034 0.3347695 0.0347319 0.2073952
0.9981966 0.0001010 0.0001010 0.0016014
0.9996983 0.0001006 0.0001006 0.0001006
0.9996965 0.0001011 0.0001011 0.0001011
0.9996963 0.0001012 0.0001012 0.0001012
0.9897985 0.0001007 0.0001007 0.0100001
0.9973382 0.0024587 0.0001015 0.0001015
0.9996971 0.0001009 0.0001009 0.0001009
0.9996976 0.0001008 0.0001008 0.0001008
0.9996977 0.0001007 0.0001007 0.0001007
0.9996996 0.0001001 0.0001001 0.0001001
0.9996988 0.0001004 0.0001004 0.0001004
0.9997000 0.0001000 0.0001000 0.0001000
0.9996996 0.0001001 0.0001001 0.0001001
0.9996999 0.0001000 0.0001000 0.0001000
0.9997000 0.0001000 0.0001000 0.0001000
0.9997000 0.0001000 0.0001000 0.0001000
0.9997000 0.0001000 0.0001000 0.0001000
0.9996998 0.0001001 0.0001001 0.0001001
