0.2044828 0.7937362 0.0017810
0.2317699 0.7681277 0.0001022
0.1774338 0.8224641 0.0001021
0.2766542 0.7232435 0.0001022
0.1545092 0.8453887 0.0001021
0.1584859 0.8414118 0.0001022
0.1426939 0.8572040 0.0001020
0.1399374 0.8599606 0.0001020
0.1275913 0.8723065 0.0001022
0.1426979 0.8571998 0.0001022
0.1190342 0.8808635 0.0001022
0.1153509 0.8845470 0.0001021
0.1420751 0.8578227 0.0001021
0.1424643 0.8574334 0.0001022
0.2760375 0.7238601 0.0001023
0.2579861 0.7419116 0.0001023
0.0001009 0.4472911 0.5526080
0.0001011 0.5431896 0.4567093
0.0001013 0.5681773 0.4317214
0.0000996 0.5083103 0.4915901
0.0000987 0.4610120 0.5388892
0.0000996 0.5757651 0.4241353
0.0000996 0.5111674 0.4887329
0.0001003 0.5070130 0.4928867
0.7324287 0.2674694 0.0001018
0.7322566 0.2544257 0.0133177
0.7271518 0.2727463 0.0001019
0.7472829 0.2402470 0.0124701
0.7834591 0.2164391 0.0001019
0.8463882 0.1535102 0.0001016
0.8145514 0.1853470 0.0001015
0.8184002 0.1814979 0.0001018
0.7962141 0.2036841 0.0001018
0.6615134 0.2654748 0.0730118
0.7264655 0.2002307 0.0733037
0.7500222 0.2498760 0.0001018
0.7596382 0.2262440 0.0141178
0.7795574 0.2079817 0.0124609
0.7661861 0.2321155 0.0016984
0.7748501 0.2110500 0.0140999
0.5635350 0.3222016 0.1142634
0.7042652 0.2166040 0.0791308
0.8131598 0.1536561 0.0331841
0.6367342 0.2367388 0.1265270
0.5781476 0.3223976 0.0994548
0.7248620 0.2492462 0.0258917
0.6981058 0.2182507 0.0836435
0.9581194 0.0078637 0.0340168
0.4351451 0.0774747 0.4873803
0.6546066 0.1460952 0.1992982
0.6055334 0.1242684 0.2701983
0.5353850 0.1476196 0.3169954
0.6699887 0.0917228 0.2382885
0.5933104 0.2100647 0.1966249
0.7304167 0.0757123 0.1938711
0.5700639 0.1181569 0.3117793
0.6240489 0.0473664 0.3285847
0.6133311 0.1078785 0.2787904
0.9103405 0.0606504 0.0290091
0.6830775 0.1045308 0.2123918
0.9508022 0.0424398 0.0067580
0.9783712 0.0001011 0.0215277
0.9768118 0.0001011 0.0230871
0.7726634 0.0992801 0.1280565
0.7923402 0.0507385 0.1569213
0.7378051 0.1475328 0.1146621
0.7435654 0.0302322 0.2262023
0.9449261 0.0208142 0.0342597
0.8086066 0.0001016 0.1912918
0.7508036 0.2030100 0.0461864
0.7372445 0.0251804 0.2375750
0.5698815 0.0479655 0.3821530
0.6026678 0.0314258 0.3659064
0.5879346 0.1941537 0.2179117
0.6695648 0.0969528 0.2334824
0.6544402 0.1189721 0.2265876
0.5829372 0.1069642 0.3100986
0.5217113 0.0374117 0.4408770
0.5477979 0.1466612 0.3055409
0.2621533 0.0001008 0.7377459
0.2378331 0.0001007 0.7620663
0.7182086 0.0189837 0.2628077
0.6248173 0.0671565 0.3080262
0.6803133 0.1004766 0.2192101
0.5256433 0.0001016 0.4742551
0.6127324 0.0329771 0.3542905
0.0001002 0.0001002 0.9997996
0.6161659 0.0387691 0.3450650
0.4514768 0.0001023 0.5484209
0.6070397 0.0000995 0.3928608
0.6077554 0.0000996 0.3921450
0.6605830 0.0590952 0.2803219
0.1643976 0.0363668 0.7992356
0.6547694 0.0234023 0.3218284
0.1169356 0.0001009 0.8829635
