0.1475122 0.0042391 0.0279140 0.8203348
0.1815248 0.0001022 0.0231791 0.7951939
0.1157847 0.0001020 0.0278842 0.8562291
0.1985791 0.0001022 0.0500148 0.7513039
0.0971081 0.0001020 0.0237729 0.8790170
0.1326658 0.0001020 0.0001020 0.8671302
0.0863943 0.0001019 0.0202603 0.8932436
0.0992266 0.0001019 0.0070508 0.8936207
0.0978423 0.0001020 0.0001020 0.9019536
0.0987294 0.0001021 0.0123151 0.8888534
0.0649158 0.0001021 0.0221732 0.9128089
0.0798062 0.0001020 0.0028923 0.9171996
0.1060437 0.0001020 0.0040224 0.8898318
0.0952080 0.0001021 0.0164684 0.8882215
0.2176173 0.0001023 0.0341717 0.7481087
0.2245154 0.0001022 0.0127249 0.7626574
0.0001015 0.5853440 0.0001015 0.4144529
0.0001009 0.4566903 0.0001009 0.5431078
0.0001013 0.4353120 0.0001013 0.5644855
0.0000994 0.4842219 0.0066436 0.5090351
0.0000991 0.5570084 0.0000991 0.4427934
0.0000994 0.4231704 0.0000994 0.5766309
0.0000999 0.5059525 0.0000999 0.4938476
0.0001006 0.5083596 0.0001006 0.4914393
0.6457155 0.0001019 0.0939697 0.2602130
0.6580116 0.0168151 0.0816380 0.2435353
0.6371132 0.0001020 0.0967726 0.2660122
0.7107918 0.0349917 0.0387098 0.2155066
0.7268248 0.0051967 0.0687018 0.1992768
0.7340225 0.0001018 0.1244387 0.1414371
0.6985661 0.0001016 0.1209181 0.1804141
0.7960372 0.0241305 0.0308310 0.1490013
0.6183231 0.0001020 0.1772395 0.2043354
0.4809167 0.0299538 0.2098179 0.2793116
0.5793580 0.0425417 0.1759761 0.2021241
0.6361638 0.0001019 0.1163339 0.2474004
0.6138282 0.0001022 0.1614549 0.2246147
0.5742816 0.0001022 0.2144231 0.2111931
0.5702475 0.0001021 0.1952783 0.2343721
0.5967873 0.0001022 0.1906043 0.2125063
0.5837638 0.1453834 0.0001016 0.2707512
0.7122374 0.1156246 0.0001017 0.1720364
0.5748668 0.0001023 0.2634315 0.1615993
0.4554719 0.0783169 0.2173557 0.2488555
0.4511386 0.0740367 0.1458558 0.3289689
0.7188889 0.0648964 0.0018557 0.2143590
0.6670569 0.1027597 0.0364101 0.1937732
0.4497414 0.0001024 0.5098630 0.0402932
0.2593247 0.4213176 0.2446230 0.0747347
0.4207198 0.1240205 0.2936474 0.1616122
0.4605047 0.2308080 0.1874320 0.1212552
0.4972606 0.3166259 0.0665686 0.1195449
0.4569734 0.1731081 0.2702172 0.0997013
0.5315726 0.1929644 0.0815286 0.1939344
0.5835503 0.1570705 0.1919265 0.0674527
0.3755071 0.2465524 0.2559705 0.1219700
0.5240573 0.3062823 0.1408917 0.0287686
0.5076534 0.2540716 0.1456459 0.0926292
0.8443474 0.0433617 0.0776285 0.0346624
0.6212744 0.2125036 0.0843834 0.0818388
0.9360756 0.0637241 0.0001001 0.0001001
0.9216127 0.0781918 0.0000978 0.0000978
0.9187908 0.0810138 0.0000977 0.0000977
0.4882298 0.0380656 0.3517930 0.1219117
0.4760399 0.0536658 0.3924603 0.0778340
0.5217149 0.0508357 0.2696866 0.1577629
0.4939096 0.1430037 0.3270067 0.0360800
0.4413739 0.0001024 0.5057955 0.0527282
0.5391039 0.1001473 0.3606463 0.0001025
0.6024643 0.0163108 0.1769739 0.2042510
0.5528039 0.1829136 0.2444503 0.0198321
0.5517939 0.3888554 0.0507879 0.0085628
0.4693930 0.3255709 0.1878102 0.0172260
0.4676113 0.1893980 0.1530927 0.1898979
0.5420603 0.2038944 0.1662344 0.0878108
0.6168732 0.2348013 0.0573209 0.0910047
0.5515513 0.3155248 0.0545007 0.0784231
0.2960958 0.3572671 0.3062761 0.0403610
0.4369879 0.2775676 0.1479307 0.1375139
0.1855787 0.6959471 0.1183737 0.0001004
0.1802062 0.7252402 0.0944535 0.0001001
0.7039704 0.2823842 0.0135437 0.0001016
0.4894897 0.2691034 0.1868696 0.0545374
0.6142223 0.2159300 0.0943632 0.0754845
0.3878599 0.4253345 0.1867040 0.0001016
0.5247857 0.3347986 0.1311509 0.0092648
0.0000989 0.9536068 0.0461954 0.0000989
0.4519670 0.2939144 0.2228924 0.0312262
0.2448294 0.4666410 0.2884268 0.0001028
0.0000978 0.0604227 0.9393817 0.0000978
0.0000978 0.0585605 0.9412439 0.0000978
0.3967192 0.1904747 0.3384135 0.0743925
0.1327893 0.7725532 0.0943751 0.0002825
0.4938933 0.2703601 0.2233913 0.0123553
0.0002835 0.8170113 0.1826043 0.0001009
