0.8737877 0.1315883 0.0975581 0.1187873 0.0993661 0.0947765 0.0982436 0.1029570 0.1007470 0.0926902 0.0980009 0.1024095 0.0896541 0.0898874 0.0829742 0.0849793 -0.0063713 0.0114928 0.0144131 0.0031930 0.0009233 0.0254908 0.0062028 0.0108922 0.0168322 0.0121965 0.0149150 0.0015278 0.0069068 -0.0018107 0.0092639 0.0028764 0.0072823 0.0121733 -0.0012554 0.0139846 0.0071995 0.0044916 0.0103267 0.0023519 0.0055341 -0.0027811 -0.0054185 -0.0044141 0.0123428 0.0067617 -0.0003513 -0.0219786 -0.0596146 -0.0217310 -0.0313100 -0.0341351 -0.0357230 -0.0149159 -0.0311971 -0.0348358 -0.0472250 -0.0364644 -0.0165207 -0.0296072 -0.0163742 -0.0307388 -0.0302268 -0.0162049 -0.0336670 -0.0126659 -0.0389653 -0.0216034 -0.0438261 -0.0006696 -0.0382595 -0.0523618 -0.0531655 -0.0172551 -0.0343633 -0.0310548 -0.0352184 -0.0571495 -0.0331915 -0.1061150 -0.1092608 -0.0464036 -0.0443643 -0.0284710 -0.0722577 -0.0553166 -0.1330235 -0.0491866 -0.0743042 -0.0810244 -0.0804353 -0.0393601 -0.0922635 -0.0449289 -0.1263089
0.1315883 0.8616232 0.0906789 0.1231972 0.0963613 0.0933410 0.0970447 0.0996279 0.0986614 0.0930076 0.0985589 0.0988599 0.0919962 0.0894810 0.0794267 0.0872048 -0.0193076 0.0065849 0.0082911 -0.0010461 -0.0096718 0.0158239 0.0004574 -0.0047907 0.0192550 0.0111883 0.0177749 0.0088925 0.0107706 0.0072419 0.0126425 0.0077888 0.0090136 0.0144911 0.0028217 0.0175155 0.0074758 0.0098136 0.0116487 0.0087429 0.0054977 0.0016646 -0.0033007 -0.0032285 0.0098904 0.0101241 -0.0023473 -0.0238096 -0.0612374 -0.0150707 -0.0323863 -0.0364853 -0.0331848 -0.0158178 -0.0302647 -0.0340639 -0.0490458 -0.0359965 -0.0104526 -0.0271965 -0.0132101 -0.0232745 -0.0232065 -0.0152026 -0.0276692 -0.0101201 -0.0351185 -0.0205239 -0.0421076 0.0030981 -0.0404096 -0.0556877 -0.0515850 -0.0196123 -0.0327485 -0.0252000 -0.0359018 -0.0586366 -0.0317695 -0.1140986 -0.1145801 -0.0457760 -0.0448665 -0.0313010 -0.0774593 -0.0528799 -0.1420427 -0.0456176 -0.0773443 -0.0806831 -0.0805467 -0.0374584 -0.1008863 -0.0421409 -0.1322297
0.0975581 0.0906789 0.8648164 0.0886640 0.1430686 0.1364841 0.1575734 0.1431606 0.1071814 0.1004220 0.1021533 0.1025805 0.1003470 0.0971504 0.0910424 0.0899319 -0.0124931 0.0064264 0.0153584 -0.0014237 -0.0050327 0.0200084 0.0040056 0.0004694 0.0163809 0.0105745 0.0208031 0.0098285 0.0071690 0.0053274 0.0150632 0.0003178 0.0143271 0.0149210 0.0013048 0.0209823 0.0097934 0.0045092 0.0131729 0.0113352 0.0091566 -0.0012635 -0.0035425 -0.0047981 0.0132189 0.0113518 -0.0025989 -0.0246934 -0.0649792 -0.0212948 -0.0302699 -0.0406962 -0.0336287 -0.0156500 -0.0337790 -0.0370523 -0.0488066 -0.0391027 -0.0189866 -0.0321719 -0.0164053 -0.0315373 -0.0291393 -0.0203966 -0.0361762 -0.0184902 -0.0411691 -0.0224569 -0.0487521 -0.0022861 -0.0432915 -0.0554736 -0.0572783 -0.0158993 -0.0307479 -0.0314434 -0.0406802 -0.0631913 -0.0332353 -0.1207336 -0.1255457 -0.0476534 -0.0438250 -0.0343166 -0.0824826 -0.0534308 -0.1477112 -0.0580449 -0.0833743 -0.0835494 -0.0834724 -0.0435592 -0.1048452 -0.0529430 -0.1390111
0.1187873 0.1231972 0.0886640 0.8753628 0.0903698 0.0873797 0.0902036 0.0958805 0.0935675 0.0848887 0.0921187 0.0895024 0.0844373 0.0836841 0.0783883 0.0812735 -0.0183839 0.0015655 0.0059604 -0.0082113 -0.0128987 0.0088291 -0.0035244 -0.0024088 0.0200473 0.0120534 0.0206778 0.0129267 0.0150116 0.0080827 0.0178774 0.0080992 0.0126932 0.0152868 0.0052301 0.0182984 0.0110292 0.0129320 0.0152205 0.0090208 0.0092171 0.0026118 0.0066211 -0.0015201 0.0138519 0.0103008 0.0019150 -0.0167969 -0.0586823 -0.0165740 -0.0261544 -0.0365421 -0.0311627 -0.0159016 -0.0237677 -0.0332123 -0.0465741 -0.0336346 -0.0086303 -0.0212418 -0.0114846 -0.0224361 -0.0206614 -0.0118753 -0.0232988 -0.0109764 -0.0378050 -0.0137988 -0.0403173 0.0063377 -0.0377045 -0.0506297 -0.0535323 -0.0145813 -0.0294669 -0.0254747 -0.0357772 -0.0557365 -0.0313577 -0.1129018 -0.1146954 -0.0428856 -0.0370506 -0.0273540 -0.0760155 -0.0530800 -0.1434374 -0.0445360 -0.0782567 -0.0759450 -0.0763949 -0.0346124 -0.1017808 -0.0432251 -0.1312109
0.0993661 0.0963613 0.1430686 0.0903698 0.8872925 0.1537449 0.1581197 0.1554303 0.1114737 0.1019220 0.1069764 0.1067227 0.1043645 0.1027756 0.0867625 0.0926763 -0.0112910 0.0142005 0.0161228 0.0044591 -0.0002659 0.0278169 0.0077403 0.0063138 0.0200197 0.0110802 0.0193028 0.0058122 0.0063535 0.0019144 0.0146801 0.0027646 0.0101329 0.0142134 -0.0025909 0.0186447 0.0066399 0.0061790 0.0142705 0.0069779 0.0132541 -0.0001642 -0.0059049 -0.0027949 0.0121163 0.0072026 -0.0023439 -0.0287875 -0.0629078 -0.0212653 -0.0354391 -0.0361512 -0.0360743 -0.0136452 -0.0347769 -0.0390701 -0.0505984 -0.0403157 -0.0204175 -0.0374444 -0.0195075 -0.0315332 -0.0315310 -0.0217239 -0.0324252 -0.0151871 -0.0436913 -0.0267989 -0.0482517 0.0021907 -0.0444886 -0.0578564 -0.0625671 -0.0152841 -0.0315137 -0.0317286 -0.0401618 -0.0640458 -0.0344676 -0.1240353 -0.1271373 -0.0487062 -0.0471084 -0.0374193 -0.0811393 -0.0548099 -0.1457980 -0.0566837 -0.0839938 -0.0874793 -0.0874537 -0.0429434 -0.1066577 -0.0553883 -0.1362102
0.0947765 0.0933410 0.1364841 0.0873797 0.1537449 0.8745596 0.1490086 0.1486320 0.1095824 0.0987941 0.1041945 0.1040851 0.0995431 0.0973470 0.0860217 0.0928750 -0.0098235 0.0120071 0.0127846 0.0031451 0.0020060 0.0261441 0.0094433 0.0063008 0.0182053 0.0117229 0.0188827 0.0093834 0.0096391 0.0034985 0.0103022 0.0008615 0.0118885 0.0134353 -0.0035158 0.0149631 0.0022771 0.0027582 0.0052532 0.0059360 0.0112683 -0.0002303 -0.0037999 -0.0035127 0.0126101 0.0087186 -0.0011341 -0.0322646 -0.0616969 -0.0237603 -0.0367644 -0.0351789 -0.0356029 -0.0152423 -0.0370294 -0.0348964 -0.0551836 -0.0413110 -0.0210795 -0.0340497 -0.0182237 -0.0339443 -0.0322608 -0.0195912 -0.0339119 -0.0146563 -0.0439612 -0.0293251 -0.0456479 -0.0020365 -0.0460660 -0.0575294 -0.0600419 -0.0155913 -0.0344094 -0.0315355 -0.0378604 -0.0645392 -0.0325914 -0.1180705 -0.1234550 -0.0481593 -0.0445348 -0.0353534 -0.0794512 -0.0518222 -0.1412834 -0.0559818 -0.0788411 -0.0898517 -0.0897032 -0.0417394 -0.1001971 -0.0548036 -0.1291266
0.0982436 0.0970447 0.1575734 0.0902036 0.1581197 0.1490086 0.8667712 0.1609430 0.1108245 0.1057036 0.1094127 0.1104048 0.1035430 0.1028029 0.0871281 0.0944193 -0.0158631 0.0109235 0.0175189 0.0064264 -0.0035803 0.0244046 0.0053295 0.0026246 0.0169886 0.0121769 0.0193934 0.0081287 0.0070467 0.0044505 0.0121615 0.0032713 0.0123582 0.0148650 0.0009977 0.0192829 0.0036742 0.0051929 0.0114307 0.0111647 0.0115042 0.0004540 -0.0055185 -0.0054181 0.0095061 0.0073383 -0.0044556 -0.0298275 -0.0650198 -0.0230427 -0.0352090 -0.0413541 -0.0375925 -0.0164786 -0.0403267 -0.0387245 -0.0503369 -0.0412318 -0.0224257 -0.0390818 -0.0211704 -0.0336560 -0.0338199 -0.0188546 -0.0330103 -0.0141111 -0.0422446 -0.0261326 -0.0522761 -0.0018377 -0.0478265 -0.0604907 -0.0612626 -0.0177659 -0.0329894 -0.0292238 -0.0399993 -0.0644129 -0.0359280 -0.1235217 -0.1280865 -0.0494880 -0.0452087 -0.0383823 -0.0836827 -0.0549517 -0.1519927 -0.0577715 -0.0879755 -0.0877480 -0.0898900 -0.0436448 -0.1090193 -0.0584722 -0.1441009
0.1029570 0.0996279 0.1431606 0.0958805 0.1554303 0.1486320 0.1609430 0.8810058 0.1161195 0.1067927 0.1117186 0.1161648 0.1037906 0.1051580 0.0937130 0.0959954 -0.0111155 0.0115875 0.0195027 0.0061086 -0.0000340 0.0260137 0.0083852 -0.0000917 0.0171118 0.0151683 0.0194226 0.0089193 0.0067418 -0.0004403 0.0129997 0.0030021 0.0120260 0.0147785 -0.0002307 0.0200332 0.0063811 0.0045507 0.0114342 0.0084742 0.0140185 -0.0010102 -0.0046106 -0.0031064 0.0108751 0.0123933 -0.0018995 -0.0276584 -0.0660869 -0.0219819 -0.0386994 -0.0358901 -0.0396840 -0.0156561 -0.0350433 -0.0397444 -0.0537257 -0.0453553 -0.0220465 -0.0348603 -0.0201112 -0.0345864 -0.0336230 -0.0225215 -0.0368294 -0.0135913 -0.0469275 -0.0279437 -0.0493490 0.0025719 -0.0469550 -0.0574492 -0.0613948 -0.0146055 -0.0347537 -0.0316133 -0.0392604 -0.0670854 -0.0373743 -0.1264740 -0.1297481 -0.0517851 -0.0465087 -0.0362580 -0.0818632 -0.0566819 -0.1521550 -0.0533951 -0.0856223 -0.0909723 -0.0918808 -0.0448005 -0.1095018 -0.0551988 -0.1387291
0.1007470 0.0986614 0.1071814 0.0935675 0.1114737 0.1095824 0.1108245 0.1161195 0.9132763 0.1426435 0.1561608 0.1456208 0.1446624 0.1400419 0.0977273 0.1035793 -0.0027172 0.0213947 0.0245538 0.0160870 0.0077324 0.0310971 0.0178761 0.0150260 0.0185188 0.0108215 0.0170862 0.0085770 0.0057127 0.0009518 0.0101269 0.0015520 0.0063893 0.0125765 -0.0041628 0.0163372 0.0055185 0.0034690 0.0063477 0.0032684 0.0116352 -0.0044409 -0.0082844 -0.0005841 0.0151340 0.0088886 -0.0003762 -0.0298126 -0.0609818 -0.0226813 -0.0325792 -0.0411285 -0.0403328 -0.0172511 -0.0316067 -0.0391624 -0.0550427 -0.0381575 -0.0252046 -0.0341395 -0.0225477 -0.0364857 -0.0355928 -0.0229763 -0.0361939 -0.0132012 -0.0450985 -0.0274055 -0.0501110 0.0006672 -0.0478318 -0.0581842 -0.0554844 -0.0182968 -0.0351877 -0.0349306 -0.0474341 -0.0641690 -0.0337189 -0.1210362 -0.1226893 -0.0508591 -0.0507955 -0.0350559 -0.0854790 -0.0580029 -0.1389547 -0.0540230 -0.0846345 -0.0972515 -0.0952955 -0.0446399 -0.1052996 -0.0545306 -0.1363631
0.0926902 0.0930076 0.1004220 0.0848887 0.1019220 0.0987941 0.1057036 0.1067927 0.1426435 0.8841847 0.1439637 0.1460499 0.1538017 0.1406324 0.0909707 0.0971303 -0.0110987 0.0163601 0.0160363 0.0102883 -0.0001049 0.0266252 0.0102008 0.0079532 0.0146139 0.0125522 0.0155247 0.0076644 0.0039100 -0.0001463 0.0055763 0.0001809 0.0080423 0.0126912 -0.0031385 0.0183826 0.0035097 0.0042729 0.0121423 0.0059662 0.0059785 -0.0046948 -0.0064510 -0.0008938 0.0131865 0.0069862 -0.0036723 -0.0265175 -0.0646827 -0.0207154 -0.0337882 -0.0364908 -0.0393871 -0.0138340 -0.0351024 -0.0357224 -0.0503607 -0.0391476 -0.0237405 -0.0321202 -0.0215624 -0.0340731 -0.0338592 -0.0242607 -0.0339474 -0.0144818 -0.0452647 -0.0255349 -0.0495058 -0.0031797 -0.0475542 -0.0566563 -0.0561001 -0.0202174 -0.0361322 -0.0297572 -0.0412344 -0.0640911 -0.0350327 -0.1167985 -0.1189155 -0.0498646 -0.0459921 -0.0329173 -0.0841682 -0.0541401 -0.1393388 -0.0544883 -0.0812903 -0.0911145 -0.0920524 -0.0422834 -0.1020370 -0.0541293 -0.1336210
0.0980009 0.0985589 0.1021533 0.0921187 0.1069764 0.1041945 0.1094127 0.1117186 0.1561608 0.1439637 0.9147473 0.1608652 0.1470900 0.1453966 0.0991047 0.1012712 -0.0020182 0.0207540 0.0277364 0.0157954 0.0110066 0.0335128 0.0205798 0.0130935 0.0152896 0.0080435 0.0147315 0.0092090 0.0050869 -0.0036744 0.0070894 -0.0021736 0.0065485 0.0113775 -0.0032244 0.0162864 0.0058038 0.0014700 0.0091879 0.0030543 0.0115744 -0.0053407 -0.0090327 -0.0024189 0.0126189 0.0084464 -0.0049626 -0.0324120 -0.0613455 -0.0243301 -0.0322347 -0.0380243 -0.0400886 -0.0161028 -0.0340186 -0.0398611 -0.0560977 -0.0366398 -0.0239502 -0.0329109 -0.0268311 -0.0411174 -0.0417399 -0.0234075 -0.0388457 -0.0169070 -0.0450214 -0.0303507 -0.0536232 -0.0045407 -0.0476657 -0.0580256 -0.0578747 -0.0198989 -0.0353380 -0.0349765 -0.0444074 -0.0640025 -0.0370689 -0.1164569 -0.1183795 -0.0526753 -0.0456882 -0.0357970 -0.0848026 -0.0578920 -0.1342188 -0.0547720 -0.0866458 -0.0928765 -0.0924988 -0.0416768 -0.1030077 -0.0537016 -0.1341455
0.1024095 0.0988599 0.1025805 0.0895024 0.1067227 0.1040851 0.1104048 0.1161648 0.1456208 0.1460499 0.1608652 0.8975921 0.1481975 0.1429093 0.0934041 0.1023638 -0.0077149 0.0205605 0.0221363 0.0111848 0.0033542 0.0309560 0.0184031 0.0109316 0.0131138 0.0073646 0.0135400 0.0052828 0.0036341 -0.0007825 0.0064627 -0.0020345 0.0060564 0.0121798 -0.0022703 0.0180989 0.0051849 0.0014108 0.0077896 0.0000177 0.0109447 -0.0061613 -0.0031940 -0.0039598 0.0163578 0.0054491 -0.0020895 -0.0318902 -0.0677190 -0.0241469 -0.0318839 -0.0379680 -0.0375929 -0.0127248 -0.0358955 -0.0403998 -0.0551395 -0.0342678 -0.0226959 -0.0382469 -0.0248348 -0.0376665 -0.0379877 -0.0265398 -0.0363151 -0.0170149 -0.0427814 -0.0298257 -0.0499204 -0.0012608 -0.0454529 -0.0589173 -0.0587391 -0.0248063 -0.0396334 -0.0326842 -0.0454558 -0.0665956 -0.0323839 -0.1172766 -0.1191100 -0.0518306 -0.0483678 -0.0383545 -0.0873279 -0.0579588 -0.1364058 -0.0539104 -0.0854046 -0.0951803 -0.0940610 -0.0459514 -0.1012676 -0.0530172 -0.1375192
0.0896541 0.0919962 0.1003470 0.0844373 0.1043645 0.0995431 0.1035430 0.1037906 0.1446624 0.1538017 0.1470900 0.1481975 0.8863592 0.1482047 0.0941119 0.0985151 -0.0141973 0.0152004 0.0181275 0.0059873 -0.0025786 0.0275200 0.0110498 0.0057402 0.0165852 0.0089864 0.0203001 0.0083388 0.0073197 0.0008912 0.0106132 0.0018490 0.0101835 0.0133100 -0.0048652 0.0192362 0.0079872 0.0059218 0.0113301 0.0033156 0.0067473 -0.0057101 -0.0079652 0.0024051 0.0120882 0.0060814 0.0002706 -0.0296553 -0.0642430 -0.0212246 -0.0359554 -0.0327388 -0.0346501 -0.0193265 -0.0322835 -0.0390058 -0.0531205 -0.0384125 -0.0186367 -0.0342406 -0.0198137 -0.0357710 -0.0338556 -0.0280521 -0.0329008 -0.0128600 -0.0447619 -0.0275447 -0.0489329 -0.0005240 -0.0459772 -0.0558728 -0.0594140 -0.0186003 -0.0353251 -0.0310070 -0.0426968 -0.0642278 -0.0321760 -0.1221745 -0.1210885 -0.0516672 -0.0485314 -0.0365834 -0.0865651 -0.0575468 -0.1419765 -0.0555102 -0.0849775 -0.0922446 -0.0926943 -0.0437185 -0.1056227 -0.0542515 -0.1365782
0.0898874 0.0894810 0.0971504 0.0836841 0.1027756 0.0973470 0.1028029 0.1051580 0.1400419 0.1406324 0.1453966 0.1429093 0.1482047 0.8869005 0.0928947 0.0895745 -0.0055703 0.0190994 0.0236574 0.0073564 0.0005994 0.0294282 0.0125359 0.0109363 0.0166747 0.0064232 0.0147286 0.0081118 0.0060434 -0.0014729 0.0053618 -0.0005120 0.0041608 0.0122765 -0.0025417 0.0174716 0.0070441 0.0025959 0.0064791 0.0074965 0.0099144 -0.0048599 -0.0048585 -0.0004148 0.0116006 0.0095432 -0.0016672 -0.0266355 -0.0625884 -0.0228231 -0.0336904 -0.0399287 -0.0384811 -0.0195577 -0.0325892 -0.0352808 -0.0551342 -0.0386542 -0.0215241 -0.0326010 -0.0216896 -0.0374250 -0.0366862 -0.0211959 -0.0359702 -0.0133565 -0.0430247 -0.0251030 -0.0469406 -0.0034477 -0.0457176 -0.0579394 -0.0564813 -0.0177720 -0.0349219 -0.0292220 -0.0401463 -0.0619074 -0.0338725 -0.1185733 -0.1158532 -0.0526885 -0.0447207 -0.0341590 -0.0863498 -0.0533790 -0.1379652 -0.0524349 -0.0861929 -0.0907539 -0.0902239 -0.0398625 -0.1035909 -0.0454926 -0.1338186
0.0829742 0.0794267 0.0910424 0.0783883 0.0867625 0.0860217 0.0871281 0.0937130 0.0977273 0.0909707 0.0991047 0.0934041 0.0941119 0.0928947 0.8695977 0.0857515 -0.0160428 0.0047717 0.0091937 -0.0080556 -0.0126375 0.0175286 -0.0016602 -0.0047010 0.0179706 0.0136241 0.0226222 0.0125956 0.0111688 0.0088403 0.0188166 0.0056217 0.0134065 0.0151135 0.0054064 0.0195211 0.0095362 0.0128020 0.0137784 0.0134424 0.0044781 0.0019093 -0.0004535 0.0022501 0.0136122 0.0140455 -0.0022904 -0.0150264 -0.0577685 -0.0153347 -0.0260969 -0.0341969 -0.0294433 -0.0115733 -0.0237402 -0.0312583 -0.0438471 -0.0289516 -0.0090085 -0.0252563 -0.0115295 -0.0231061 -0.0235884 -0.0193106 -0.0274777 -0.0153096 -0.0339802 -0.0143981 -0.0421258 0.0030338 -0.0349121 -0.0488590 -0.0493183 -0.0196564 -0.0296893 -0.0284383 -0.0407563 -0.0557259 -0.0327309 -0.1083966 -0.1135318 -0.0379868 -0.0330859 -0.0272657 -0.0725726 -0.0477942 -0.1382944 -0.0469100 -0.0758113 -0.0777685 -0.0764710 -0.0373054 -0.0968432 -0.0461673 -0.1275402
0.0849793 0.0872048 0.0899319 0.0812735 0.0926763 0.0928750 0.0944193 0.0959954 0.1035793 0.0971303 0.1012712 0.1023638 0.0985151 0.0895745 0.0857515 0.8797436 -0.0208734 0.0022149 0.0067343 -0.0001458 -0.0086486 0.0192376 0.0001636 -0.0012977 0.0190240 0.0185926 0.0204715 0.0118752 0.0126474 0.0084927 0.0179611 0.0117405 0.0196047 0.0143244 0.0067393 0.0227621 0.0105535 0.0114487 0.0132780 0.0075187 0.0098301 0.0021391 0.0050917 -0.0012361 0.0118760 0.0137225 0.0035103 -0.0211053 -0.0580375 -0.0185446 -0.0263109 -0.0360475 -0.0323276 -0.0137427 -0.0301667 -0.0343027 -0.0473464 -0.0295711 -0.0141344 -0.0252470 -0.0120587 -0.0250243 -0.0243099 -0.0179649 -0.0251058 -0.0104577 -0.0354367 -0.0192112 -0.0445212 0.0021806 -0.0358932 -0.0522350 -0.0518572 -0.0131102 -0.0305568 -0.0239914 -0.0367031 -0.0604038 -0.0300152 -0.1095013 -0.1129311 -0.0405605 -0.0407931 -0.0296028 -0.0740206 -0.0520477 -0.1398970 -0.0471998 -0.0738643 -0.0824377 -0.0807193 -0.0357152 -0.0793822 -0.0513624 -0.1322354
-0.0063713 -0.0193076 -0.0124931 -0.0183839 -0.0112910 -0.0098235 -0.0158631 -0.0111155 -0.0027172 -0.0110987 -0.0020182 -0.0077149 -0.0141973 -0.0055703 -0.0160428 -0.0208734 1.1487885 0.1141537 0.1135243 0.1547573 0.1657778 0.1164078 0.1385935 0.1527698 -0.0706311 -0.0665212 -0.0704172 -0.0572998 -0.0758575 -0.0826675 -0.0926525 -0.0847678 -0.0851561 -0.0468067 -0.0466422 -0.0770619 -0.0574328 -0.0646086 -0.0690544 -0.0678178 -0.0190031 -0.0408481 -0.0709673 -0.0386184 -0.0377941 -0.0567488 -0.0388822 -0.0842808 0.0615167 -0.0308900 -0.0059351 0.0176407 -0.0308895 -0.0104776 -0.0181928 0.0043618 0.0141679 -0.0047714 -0.0822307 -0.0208769 -0.0833791 -0.0928229 -0.0920414 -0.0492036 -0.0443205 -0.0448719 -0.0331766 -0.0807569 -0.0387218 -0.0594931 -0.0276087 0.0211420 0.0166406 -0.0098703 -0.0170124 -0.0242891 0.0023678 0.0240395 0.0104093 0.1108014 0.1188138 -0.0169806 0.0050779 -0.0209031 0.0458990 0.0039717 0.2035540 0.0086472 0.0665914 -0.0091288 -0.0086502 -0.0256662 0.1360406 0.0068908 0.1620333
0.0114928 0.0065849 0.0064264 0.0015655 0.0142005 0.0120071 0.0109235 0.0115875 0.0213947 0.0163601 0.0207540 0.0205605 0.0152004 0.0190994 0.0047717 0.0022149 0.1141537 1.0716531 0.1110110 0.1279900 0.1319157 0.1159157 0.1245525 0.1172654 -0.0518098 -0.0566396 -0.0546411 -0.0522235 -0.0558357 -0.0719816 -0.0737929 -0.0691456 -0.0644826 -0.0371432 -0.0490760 -0.0630822 -0.0506400 -0.0597710 -0.0578003 -0.0602939 -0.0169248 -0.0479944 -0.0554453 -0.0297795 -0.0212012 -0.0511119 -0.0419907 -0.0734391 0.0273788 -0.0306827 -0.0092544 -0.0125436 -0.0290215 -0.0076968 -0.0400356 -0.0073252 -0.0031737 -0.0060460 -0.0688297 -0.0236710 -0.0796739 -0.0874265 -0.0869076 -0.0445215 -0.0400140 -0.0444337 -0.0341076 -0.0692345 -0.0502217 -0.0496545 -0.0336927 0.0056497 0.0001841 -0.0149021 -0.0230998 -0.0099007 -0.0096336 0.0181128 0.0028493 0.0637879 0.0680324 -0.0229784 -0.0022890 -0.0253225 0.0189675 0.0057554 0.1399309 -0.0123029 0.0310925 -0.0160829 -0.0149192 -0.0162245 0.0986991 -0.0168630 0.1143740
0.0144131 0.0082911 0.0153584 0.0059604 0.0161228 0.0127846 0.0175189 0.0195027 0.0245538 0.0160363 0.0277364 0.0221363 0.0181275 0.0236574 0.0091937 0.0067343 0.1135243 0.1110110 1.0658494 0.1257365 0.1380043 0.1109589 0.1189630 0.1144301 -0.0511594 -0.0460351 -0.0448450 -0.0504957 -0.0536754 -0.0701736 -0.0656553 -0.0637282 -0.0622517 -0.0347989 -0.0472466 -0.0507036 -0.0523560 -0.0585772 -0.0555455 -0.0528845 -0.0221988 -0.0422672 -0.0576343 -0.0296773 -0.0113593 -0.0449906 -0.0409226 -0.0682702 0.0329924 -0.0244765 -0.0096622 -0.0096768 -0.0213302 -0.0127085 -0.0327929 0.0015201 -0.0148295 -0.0143250 -0.0676458 -0.0186535 -0.0788385 -0.0797635 -0.0806044 -0.0407983 -0.0439981 -0.0454359 -0.0351063 -0.0640461 -0.0572059 -0.0479406 -0.0389765 -0.0076923 -0.0079235 -0.0136666 -0.0246030 -0.0189563 -0.0086788 0.0052223 -0.0045285 0.0609143 0.0733448 -0.0294180 -0.0022110 -0.0341266 0.0116527 -0.0029807 0.1243838 -0.0100619 0.0101470 -0.0183268 -0.0197286 -0.0192933 0.0884542 -0.0174315 0.0926642
0.0031930 -0.0010461 -0.0014237 -0.0082113 0.0044591 0.0031451 0.0064264 0.0061086 0.0160870 0.0102883 0.0157954 0.0111848 0.0059873 0.0073564 -0.0080556 -0.0001458 0.1547573 0.1279900 0.1257365 1.1385945 0.1508442 0.1412887 0.1647549 0.1373318 -0.0630762 -0.0603300 -0.0649441 -0.0615684 -0.0723303 -0.0838761 -0.0880816 -0.0785288 -0.0759642 -0.0452409 -0.0544044 -0.0708737 -0.0507839 -0.0695911 -0.0646703 -0.0679401 -0.0337480 -0.0540900 -0.0720873 -0.0367371 -0.0295614 -0.0658458 -0.0558250 -0.0746492 0.0467541 -0.0225802 -0.0020893 0.0095144 -0.0136624 -0.0143620 -0.0363996 -0.0152814 -0.0051631 -0.0025068 -0.0788354 -0.0145871 -0.0871721 -0.0935660 -0.0925077 -0.0547693 -0.0436911 -0.0516514 -0.0348647 -0.0714599 -0.0583272 -0.0534114 -0.0398584 0.0021219 0.0029673 0.0002497 -0.0161842 -0.0297048 -0.0072861 0.0167284 -0.0040738 0.0889876 0.0748908 -0.0306041 -0.0228086 -0.0171964 0.0124791 -0.0020311 0.1802055 0.0021863 0.0507839 -0.0037391 -0.0033029 -0.0145518 0.1243890 -0.0316865 0.1397780
0.0009233 -0.0096718 -0.0050327 -0.0128987 -0.0002659 0.0020060 -0.0035803 -0.0000340 0.0077324 -0.0001049 0.0110066 0.0033542 -0.0025786 0.0005994 -0.0126375 -0.0086486 0.1657778 0.1319157 0.1380043 0.1508442 1.1911272 0.1458469 0.1607753 0.1579115 -0.0721780 -0.0642632 -0.0636124 -0.0685549 -0.0777073 -0.0988239 -0.0905459 -0.0874547 -0.0877364 -0.0504353 -0.0592223 -0.0801399 -0.0739009 -0.0739974 -0.0746109 -0.0709762 -0.0236165 -0.0544693 -0.0784701 -0.0408467 -0.0313518 -0.0659172 -0.0508992 -0.0968827 0.0629355 -0.0254209 -0.0098121 0.0211132 -0.0155250 -0.0230388 -0.0437354 -0.0008864 0.0017897 -0.0155725 -0.0927955 -0.0286613 -0.0976427 -0.0970473 -0.0967910 -0.0478915 -0.0496387 -0.0574715 -0.0358642 -0.0954831 -0.0517236 -0.0609101 -0.0288374 0.0169055 0.0095452 -0.0105056 -0.0187180 -0.0356322 0.0016303 0.0414005 -0.0012324 0.1069218 0.1146633 -0.0281739 -0.0065709 -0.0155012 0.0303366 -0.0036805 0.2131635 0.0069673 0.0668542 -0.0055977 -0.0066984 -0.0103052 0.1492098 0.0053190 0.1624010
0.0254908 0.0158239 0.0200084 0.0088291 0.0278169 0.0261441 0.0244046 0.0260137 0.0310971 0.0266252 0.0335128 0.0309560 0.0275200 0.0294282 0.0175286 0.0192376 0.1164078 0.1159157 0.1109589 0.1412887 0.1458469 1.0908126 0.1388848 0.1379183 -0.0592556 -0.0466724 -0.0540533 -0.0477906 -0.0654677 -0.0786121 -0.0752379 -0.0699895 -0.0681865 -0.0380234 -0.0461548 -0.0585742 -0.0560401 -0.0574548 -0.0628638 -0.0570758 -0.0269922 -0.0531490 -0.0624338 -0.0323495 -0.0251794 -0.0569181 -0.0477036 -0.0773606 0.0343537 -0.0327435 -0.0072764 0.0032828 -0.0132368 -0.0192327 -0.0460685 -0.0139004 -0.0183440 -0.0070082 -0.0661482 -0.0188036 -0.0886874 -0.0844203 -0.0842379 -0.0520075 -0.0591083 -0.0506251 -0.0441041 -0.0747105 -0.0580254 -0.0488109 -0.0459264 -0.0068682 -0.0096423 -0.0145117 -0.0263754 -0.0278935 -0.0098833 0.0214906 0.0149146 0.0617785 0.0562294 -0.0376009 -0.0215463 -0.0195051 0.0032387 -0.0058779 0.1296032 -0.0105442 0.0219736 -0.0190944 -0.0185875 -0.0222405 0.0932087 -0.0247383 0.0999711
0.0062028 0.0004574 0.0040056 -0.0035244 0.0077403 0.0094433 0.0053295 0.0083852 0.0178761 0.0102008 0.0205798 0.0184031 0.0110498 0.0125359 -0.0016602 0.0001636 0.1385935 0.1245525 0.1189630 0.1647549 0.1607753 0.1388848 1.1293542 0.1449362 -0.0656266 -0.0638082 -0.0649490 -0.0626356 -0.0711461 -0.0844780 -0.0791847 -0.0753410 -0.0752153 -0.0438821 -0.0549883 -0.0759511 -0.0661585 -0.0679452 -0.0724854 -0.0671765 -0.0215328 -0.0495825 -0.0686620 -0.0336364 -0.0319797 -0.0579434 -0.0509687 -0.0826672 0.0386306 -0.0235166 -0.0007359 0.0090389 -0.0197697 -0.0142438 -0.0395731 -0.0036566 -0.0127355 0.0103189 -0.0723144 -0.0198265 -0.0926698 -0.0909611 -0.0913811 -0.0578011 -0.0533190 -0.0467179 -0.0398646 -0.0799579 -0.0535213 -0.0544240 -0.0417692 0.0064367 -0.0055216 -0.0032285 -0.0266593 -0.0308597 -0.0020556 0.0177092 0.0066884 0.0951793 0.0869635 -0.0273652 -0.0120289 -0.0150237 0.0260192 0.0006374 0.1723566 0.0099821 0.0534836 -0.0132108 -0.0125626 -0.0196099 0.1212225 -0.0163064 0.1440371
0.0108922 -0.0047907 0.0004694 -0.0024088 0.0063138 0.0063008 0.0026246 -0.0000917 0.0150260 0.0079532 0.0130935 0.0109316 0.0057402 0.0109363 -0.0047010 -0.0012977 0.1527698 0.1172654 0.1144301 0.1373318 0.1579115 0.1379183 0.1449362 1.1175274 -0.0601279 -0.0487885 -0.0615430 -0.0521314 -0.0645686 -0.0792088 -0.0810447 -0.0670270 -0.0790370 -0.0424954 -0.0570774 -0.0662951 -0.0571543 -0.0617930 -0.0634690 -0.0653477 -0.0192393 -0.0493893 -0.0665322 -0.0328770 -0.0227619 -0.0544755 -0.0411361 -0.0864852 0.0347741 -0.0278212 -0.0014106 0.0156646 -0.0266064 -0.0126473 -0.0257232 -0.0071522 -0.0032158 -0.0069260 -0.0762025 -0.0318771 -0.0819070 -0.0864437 -0.0868333 -0.0561825 -0.0494300 -0.0531851 -0.0373424 -0.0828128 -0.0460175 -0.0465629 -0.0313083 0.0111551 0.0066081 -0.0153172 -0.0252392 -0.0212660 -0.0020988 0.0247622 -0.0056087 0.0836071 0.0754967 -0.0302025 -0.0120518 -0.0260580 0.0305995 -0.0066515 0.1676427 -0.0070995 0.0326170 -0.0031032 -0.0045569 -0.0227965 0.1118478 -0.0099842 0.1275779
0.0168322 0.0192550 0.0163809 0.0200473 0.0200197 0.0182053 0.0169886 0.0171118 0.0185188 0.0146139 0.0152896 0.0131138 0.0165852 0.0166747 0.0179706 0.0190240 -0.0706311 -0.0518098 -0.0511594 -0.0630762 -0.0721780 -0.0592556 -0.0656266 -0.0601279 0.8430414 0.0294782 0.0366293 0.0498005 0.0647353 0.0776902 0.0759733 0.0531032 0.0343274 0.0244762 0.0215066 0.0355573 0.0235202 0.0271584 0.0211565 0.0298933 0.0051391 0.0146413 0.0247332 0.0091486 0.0143973 0.0274784 0.0121141 0.0188790 -0.0465605 -0.0071021 -0.0178346 -0.0218191 -0.0157510 -0.0049795 -0.0080410 -0.0147836 -0.0191359 -0.0186991 0.0190995 -0.0067316 0.0199006 0.0149077 0.0168991 0.0111726 0.0041555 0.0138059 -0.0041181 0.0162843 0.0055629 0.0242478 -0.0061143 -0.0288000 -0.0306571 -0.0092085 -0.0107761 -0.0032094 -0.0227358 -0.0368932 -0.0244971 -0.0807213 -0.0948720 -0.0085499 -0.0103654 -0.0037466 -0.0483251 -0.0264437 -0.1354351 -0.0198185 -0.0563106 -0.0360802 -0.0371559 -0.0095329 -0.0996566 -0.0164315 -0.1167477
0.0121965 0.0111883 0.0105745 0.0120534 0.0110802 0.0117229 0.0121769 0.0151683 0.0108215 0.0125522 0.0080435 0.0073646 0.0089864 0.0064232 0.0136241 0.0185926 -0.0665212 -0.0566396 -0.0460351 -0.0603300 -0.0642632 -0.0466724 -0.0638082 -0.0487885 0.0294782 0.8535322 0.0695864 0.0199529 0.0395697 0.0307495 0.0409820 0.0314129 0.0314778 0.0217913 0.0134042 0.0338829 0.0207476 0.0235021 0.0236132 0.0291556 0.0037571 0.0165266 0.0191409 0.0025880 0.0067447 0.0249337 0.0138078 0.0135306 -0.0392926 0.0022384 -0.0084475 -0.0188106 -0.0005700 0.0016910 0.0069954 -0.0176325 -0.0150188 -0.0109683 0.0215366 -0.0013209 0.0339974 0.0254412 0.0259835 0.0075105 0.0064146 0.0101481 -0.0073231 0.0134910 -0.0046632 0.0142240 -0.0078118 -0.0274482 -0.0161677 -0.0052747 -0.0021253 -0.0084466 -0.0161020 -0.0370305 -0.0147149 -0.0658099 -0.0753603 -0.0012262 -0.0154513 -0.0006040 -0.0353885 -0.0138214 -0.1287316 -0.0157413 -0.0469552 -0.0296930 -0.0278625 -0.0042826 -0.0809115 -0.0194005 -0.1010172
0.0149150 0.0177749 0.0208031 0.0206778 0.0193028 0.0188827 0.0193934 0.0194226 0.0170862 0.0155247 0.0147315 0.0135400 0.0203001 0.0147286 0.0226222 0.0204715 -0.0704172 -0.0546411 -0.0448450 -0.0649441 -0.0636124 -0.0540533 -0.0649490 -0.0615430 0.0366293 0.0695864 0.8504431 0.0300802 0.0357323 0.0413897 0.0412586 0.0402349 0.0333581 0.0232302 0.0180952 0.0286076 0.0259388 0.0230709 0.0253723 0.0323123 0.0045868 0.0178646 0.0229771 0.0102350 0.0103277 0.0203998 0.0145513 0.0190093 -0.0467768 -0.0020021 -0.0204652 -0.0168649 -0.0122327 -0.0074334 -0.0033488 -0.0216133 -0.0192481 -0.0083435 0.0173072 0.0036420 0.0273753 0.0217130 0.0208770 0.0177317 0.0098949 0.0050296 -0.0030934 0.0162133 0.0009969 0.0209307 -0.0012630 -0.0306410 -0.0295946 -0.0056993 -0.0033366 -0.0026440 -0.0207630 -0.0374053 -0.0193434 -0.0847988 -0.0917161 -0.0058783 -0.0114829 -0.0049310 -0.0387911 -0.0212339 -0.1323135 -0.0236263 -0.0502257 -0.0367949 -0.0354539 -0.0078872 -0.0918084 -0.0144602 -0.1081663
0.0015278 0.0088925 0.0098285 0.0129267 0.0058122 0.0093834 0.0081287 0.0089193 0.0085770 0.0076644 0.0092090 0.0052828 0.0083388 0.0081118 0.0125956 0.0118752 -0.0572998 -0.0522235 -0.0504957 -0.0615684 -0.0685549 -0.0477906 -0.0626356 -0.0521314 0.0498005 0.0199529 0.0300802 0.8630400 0.0658014 0.0489055 0.0436638 0.0566274 0.0170483 0.0208161 0.0105244 0.0275642 0.0242816 0.0214889 0.0220100 0.0129585 0.0162923 0.0165740 0.0219000 0.0066442 0.0060643 0.0309431 0.0291860 0.0211345 -0.0434408 -0.0068073 -0.0023809 -0.0125629 -0.0024846 0.0107961 0.0034196 -0.0238206 -0.0115914 -0.0144353 0.0210042 -0.0051275 0.0259037 0.0240057 0.0228257 0.0106071 0.0060757 0.0065540 -0.0124962 0.0201988 0.0000422 0.0197385 -0.0047367 -0.0182867 -0.0096872 -0.0089123 -0.0079744 -0.0026626 -0.0181521 -0.0354980 -0.0194633 -0.0724703 -0.0726688 -0.0062386 -0.0108228 -0.0062396 -0.0401109 -0.0187847 -0.1146933 -0.0188797 -0.0573933 -0.0329401 -0.0319162 -0.0157508 -0.0871463 -0.0168201 -0.0977317
0.0069068 0.0107706 0.0071690 0.0150116 0.0063535 0.0096391 0.0070467 0.0067418 0.0057127 0.0039100 0.0050869 0.0036341 0.0073197 0.0060434 0.0111688 0.0126474 -0.0758575 -0.0558357 -0.0536754 -0.0723303 -0.0777073 -0.0654677 -0.0711461 -0.0645686 0.0647353 0.0395697 0.0357323 0.0658014 0.8599283 0.0625555 0.0546988 0.0716519 0.0270149 0.0238698 0.0148538 0.0295562 0.0228348 0.0292698 0.0260541 0.0219437 0.0095287 0.0070487 0.0237609 0.0061234 0.0065710 0.0233090 0.0127476 0.0199259 -0.0303510 -0.0040190 -0.0082546 -0.0276606 -0.0000936 0.0062309 0.0003142 -0.0184153 -0.0125930 -0.0061099 0.0242067 -0.0020935 0.0344182 0.0297758 0.0310335 0.0189592 0.0069302 0.0121550 -0.0065691 0.0186869 -0.0012192 0.0237817 -0.0027634 -0.0210442 -0.0201406 -0.0057083 -0.0070321 -0.0037986 -0.0158011 -0.0372732 -0.0146473 -0.0723774 -0.0772717 -0.0014984 -0.0150810 -0.0010328 -0.0403999 -0.0268854 -0.1285888 -0.0236193 -0.0479130 -0.0284423 -0.0290802 -0.0121145 -0.0920573 -0.0178585 -0.1039872
-0.0018107 0.0072419 0.0053274 0.0080827 0.0019144 0.0034985 0.0044505 -0.0004403 0.0009518 -0.0001463 -0.0036744 -0.0007825 0.0008912 -0.0014729 0.0088403 0.0084927 -0.0826675 -0.0719816 -0.0701736 -0.0838761 -0.0988239 -0.0786121 -0.0844780 -0.0792088 0.0776902 0.0307495 0.0413897 0.0489055 0.0625555 0.8616132 0.0780415 0.0592825 0.0269418 0.0269904 0.0223367 0.0350555 0.0297669 0.0417935 0.0256245 0.0360518 0.0046896 0.0202246 0.0346525 0.0129960 0.0130447 0.0275513 0.0219957 0.0384675 -0.0430290 -0.0035699 -0.0133895 -0.0150119 -0.0020115 0.0007779 0.0107532 -0.0176805 -0.0178946 -0.0105129 0.0239950 -0.0022880 0.0423688 0.0384394 0.0380926 0.0255035 0.0096905 0.0174838 0.0021953 0.0374067 0.0163321 0.0320102 0.0057042 -0.0265725 -0.0156658 -0.0113552 -0.0092380 0.0108956 -0.0210732 -0.0347347 -0.0194491 -0.0815733 -0.0844839 0.0046686 -0.0056829 -0.0046771 -0.0357236 -0.0160216 -0.1407601 -0.0171687 -0.0544277 -0.0274504 -0.0264069 -0.0083175 -0.0984842 -0.0122255 -0.1155327
0.0092639 0.0126425 0.0150632 0.0178774 0.0146801 0.0103022 0.0121615 0.0129997 0.0101269 0.0055763 0.0070894 0.0064627 0.0106132 0.0053618 0.0188166 0.0179611 -0.0926525 -0.0737929 -0.0656553 -0.0880816 -0.0905459 -0.0752379 -0.0791847 -0.0810447 0.0759733 0.0409820 0.0412586 0.0436638 0.0546988 0.0780415 0.8471876 0.0553045 0.0359726 0.0297968 0.0230317 0.0439863 0.0344486 0.0378956 0.0368566 0.0365146 0.0085783 0.0184348 0.0376216 0.0133864 0.0168075 0.0367904 0.0203310 0.0346853 -0.0567621 0.0030690 -0.0130985 -0.0132196 -0.0032945 0.0005468 0.0064059 -0.0151585 -0.0232891 -0.0151741 0.0390954 -0.0012530 0.0355833 0.0321708 0.0331199 0.0140534 0.0126525 0.0147358 -0.0028994 0.0331782 0.0107942 0.0356533 0.0000110 -0.0326231 -0.0224574 -0.0040923 -0.0018785 -0.0028125 -0.0211900 -0.0412254 -0.0228848 -0.0893834 -0.0999921 -0.0040039 -0.0146332 0.0012630 -0.0490757 -0.0246573 -0.1502814 -0.0209622 -0.0593078 -0.0301893 -0.0308045 -0.0092655 -0.1147079 -0.0074592 -0.1285165
0.0028764 0.0077888 0.0003178 0.0080992 0.0027646 0.0008615 0.0032713 0.0030021 0.0015520 0.0001809 -0.0021736 -0.0020345 0.0018490 -0.0005120 0.0056217 0.0117405 -0.0847678 -0.0691456 -0.0637282 -0.0785288 -0.0874547 -0.0699895 -0.0753410 -0.0670270 0.0531032 0.0314129 0.0402349 0.0566274 0.0716519 0.0592825 0.0553045 0.8650413 0.0350786 0.0242351 0.0127230 0.0362986 0.0265708 0.0305945 0.0298808 0.0236440 0.0033668 0.0152226 0.0240128 0.0104682 0.0074801 0.0296683 0.0174073 0.0242788 -0.0419593 0.0001528 -0.0134658 -0.0122073 -0.0074243 0.0062626 0.0057488 -0.0127385 -0.0137953 -0.0036703 0.0216847 0.0043176 0.0361344 0.0396466 0.0396748 0.0128182 0.0084911 0.0120088 0.0076620 0.0235715 0.0108261 0.0237422 0.0102680 -0.0197291 -0.0172829 -0.0095057 -0.0085122 0.0097275 -0.0123428 -0.0325182 -0.0219746 -0.0676958 -0.0761388 -0.0002303 -0.0145220 -0.0041759 -0.0347738 -0.0215768 -0.1223103 -0.0226126 -0.0426312 -0.0334453 -0.0339807 -0.0092339 -0.0855416 -0.0044729 -0.1016505
0.0072823 0.0090136 0.0143271 0.0126932 0.0101329 0.0118885 0.0123582 0.0120260 0.0063893 0.0080423 0.0065485 0.0060564 0.0101835 0.0041608 0.0134065 0.0196047 -0.0851561 -0.0644826 -0.0622517 -0.0759642 -0.0877364 -0.0681865 -0.0752153 -0.0790370 0.0343274 0.0314778 0.0333581 0.0170483 0.0270149 0.0269418 0.0359726 0.0350786 0.8392409 0.0256368 0.0277866 0.0468664 0.0289001 0.0412442 0.0401700 0.0417628 0.0091946 0.0229490 0.0337109 0.0130422 0.0159266 0.0236760 0.0133448 0.0329858 -0.0437362 0.0095148 -0.0096695 -0.0214116 -0.0031342 -0.0001647 0.0028089 -0.0150640 -0.0146112 -0.0115095 0.0351548 -0.0056671 0.0333191 0.0320640 0.0326523 0.0187848 0.0133443 0.0150333 0.0037166 0.0295023 0.0061200 0.0263852 0.0005742 -0.0247695 -0.0236143 -0.0016822 -0.0029556 -0.0011423 -0.0176818 -0.0349101 -0.0204948 -0.0787403 -0.0803611 -0.0047808 -0.0111195 -0.0022928 -0.0394766 -0.0140785 -0.1409204 -0.0138054 -0.0491709 -0.0246284 -0.0261769 -0.0090507 -0.1023071 -0.0176362 -0.1038037
0.0121733 0.0144911 0.0149210 0.0152868 0.0142134 0.0134353 0.0148650 0.0147785 0.0125765 0.0126912 0.0113775 0.0121798 0.0133100 0.0122765 0.0151135 0.0143244 -0.0468067 -0.0371432 -0.0347989 -0.0452409 -0.0504353 -0.0380234 -0.0438821 -0.0424954 0.0244762 0.0217913 0.0232302 0.0208161 0.0238698 0.0269904 0.0297968 0.0242351 0.0256368 0.9499426 0.0165036 0.0257070 0.0208477 0.0226213 0.0227956 0.0224237 0.0090146 0.0144729 0.0217776 0.0092473 0.0102297 0.0194845 0.0143266 0.0235266 -0.0274412 0.0034651 -0.0036157 -0.0098499 0.0003527 0.0018722 0.0049913 -0.0084050 -0.0091653 -0.0051191 0.0236037 0.0013824 0.0264920 0.0249952 0.0251580 0.0117872 0.0098387 0.0123543 0.0021518 0.0232885 0.0063455 0.0180817 0.0017009 -0.0146769 -0.0124536 0.0001432 0.0007113 0.0011797 -0.0081521 -0.0213394 -0.0082017 -0.0541054 -0.0572255 -0.0004586 -0.0063214 0.0022847 -0.0241207 -0.0112805 -0.0897925 -0.0093250 -0.0323398 -0.0150655 -0.0149268 -0.0031864 -0.0615232 -0.0074848 -0.0728442
-0.0012554 0.0028217 0.0013048 0.0052301 -0.0025909 -0.0035158 0.0009977 -0.0002307 -0.0041628 -0.0031385 -0.0032244 -0.0022703 -0.0048652 -0.0025417 0.0054064 0.0067393 -0.0466422 -0.0490760 -0.0472466 -0.0544044 -0.0592223 -0.0461548 -0.0549883 -0.0570774 0.0215066 0.0134042 0.0180952 0.0105244 0.0148538 0.0223367 0.0230317 0.0127230 0.0277866 0.0165036 0.8779504 0.0265870 0.0226553 0.0227606 0.0149105 0.0226795 -0.0009353 0.0043888 0.0224967 -0.0048672 0.0040172 0.0086677 0.0072390 0.0178223 -0.0249315 -0.0013370 -0.0027755 -0.0155330 0.0000381 0.0003102 0.0011551 -0.0108231 -0.0003194 0.0026972 0.0185326 0.0034546 0.0192597 0.0157452 0.0154844 0.0102708 0.0048490 0.0092242 -0.0019743 0.0179996 0.0040110 0.0194956 0.0020026 -0.0120914 -0.0181616 -0.0034977 -0.0042332 0.0005471 -0.0041370 -0.0165270 -0.0031132 -0.0521196 -0.0531051 0.0019398 0.0020852 0.0054379 -0.0169722 -0.0110199 -0.0875625 -0.0124702 -0.0229681 -0.0188221 -0.0190447 -0.0025507 -0.0642455 -0.0023754 -0.0667198
0.0139846 0.0175155 0.0209823 0.0182984 0.0186447 0.0149631 0.0192829 0.0200332 0.0163372 0.0183826 0.0162864 0.0180989 0.0192362 0.0174716 0.0195211 0.0227621 -0.0770619 -0.0630822 -0.0507036 -0.0708737 -0.0801399 -0.0585742 -0.0759511 -0.0662951 0.0355573 0.0338829 0.0286076 0.0275642 0.0295562 0.0350555 0.0439863 0.0362986 0.0468664 0.0257070 0.0265870 0.8513159 0.0365138 0.0349462 0.0380165 0.0355442 0.0096201 0.0168817 0.0330330 0.0092003 0.0121043 0.0254526 0.0192587 0.0227265 -0.0417877 0.0039131 -0.0101995 -0.0213683 -0.0000061 0.0000615 -0.0016493 -0.0068092 -0.0212642 -0.0143985 0.0328230 -0.0058015 0.0337825 0.0341873 0.0333590 0.0128055 0.0161648 0.0199360 -0.0022780 0.0239967 0.0053368 0.0315902 -0.0058778 -0.0246060 -0.0216492 -0.0073808 -0.0027885 -0.0024107 -0.0182965 -0.0353002 -0.0185731 -0.0912963 -0.0931336 -0.0031145 -0.0114359 -0.0040491 -0.0429710 -0.0272429 -0.1427761 -0.0202890 -0.0587432 -0.0352427 -0.0349772 -0.0119973 -0.1049204 -0.0214414 -0.1221034
0.0071995 0.0074758 0.0097934 0.0110292 0.0066399 0.0022771 0.0036742 0.0063811 0.0055185 0.0035097 0.0058038 0.0051849 0.0079872 0.0070441 0.0095362 0.0105535 -0.0574328 -0.0506400 -0.0523560 -0.0507839 -0.0739009 -0.0560401 -0.0661585 -0.0571543 0.0235202 0.0207476 0.0259388 0.0242816 0.0228348 0.0297669 0.0344486 0.0265708 0.0289001 0.0208477 0.0226553 0.0365138 0.8589790 0.0276716 0.0338219 0.0278355 -0.0002778 0.0072135 0.0238325 0.0025231 0.0124625 0.0166556 0.0069247 0.0198370 -0.0352564 -0.0005813 -0.0081318 -0.0096524 -0.0054665 0.0024054 0.0078847 -0.0204947 -0.0167272 -0.0097355 0.0282253 0.0013451 0.0237735 0.0218806 0.0231972 0.0082404 0.0162987 0.0104243 0.0012503 0.0197946 0.0072488 0.0269423 -0.0013998 -0.0164896 -0.0158084 -0.0021431 0.0014396 0.0009637 -0.0110554 -0.0322707 -0.0171714 -0.0818035 -0.0840320 -0.0043360 -0.0150392 0.0029540 -0.0274453 -0.0207051 -0.1156520 -0.0085237 -0.0361520 -0.0247517 -0.0239474 -0.0070329 -0.0860059 -0.0095151 -0.0951152
0.0044916 0.0098136 0.0045092 0.0129320 0.0061790 0.0027582 0.0051929 0.0045507 0.0034690 0.0042729 0.0014700 0.0014108 0.0059218 0.0025959 0.0128020 0.0114487 -0.0646086 -0.0597710 -0.0585772 -0.0695911 -0.0739974 -0.0574548 -0.0679452 -0.0617930 0.0271584 0.0235021 0.0230709 0.0214889 0.0292698 0.0417935 0.0378956 0.0305945 0.0412442 0.0226213 0.0227606 0.0349462 0.0276716 0.8679637 0.0328339 0.0368432 0.0038875 0.0193679 0.0338219 0.0089215 0.0081059 0.0232772 0.0174978 0.0246177 -0.0376493 0.0059152 -0.0049575 -0.0098457 -0.0015613 -0.0018075 0.0096871 -0.0117097 -0.0155737 -0.0060814 0.0282325 -0.0068905 0.0305485 0.0283091 0.0282570 0.0135414 0.0085549 0.0171733 0.0040154 0.0236565 0.0130217 0.0303404 0.0003821 -0.0263288 -0.0146918 -0.0004890 -0.0013525 -0.0042101 -0.0158187 -0.0208406 -0.0120445 -0.0745270 -0.0878306 0.0001979 -0.0126836 0.0063062 -0.0283953 -0.0230984 -0.1199640 -0.0127615 -0.0402425 -0.0149316 -0.0153810 -0.0108828 -0.0901986 -0.0123316 -0.0999027
0.0103267 0.0116487 0.0131729 0.0152205 0.0142705 0.0052532 0.0114307 0.0114342 0.0063477 0.0121423 0.0091879 0.0077896 0.0113301 0.0064791 0.0137784 0.0132780 -0.0690544 -0.0578003 -0.0555455 -0.0646703 -0.0746109 -0.0628638 -0.0724854 -0.0634690 0.0211565 0.0236132 0.0253723 0.0220100 0.0260541 0.0256245 0.0368566 0.0298808 0.0401700 0.0227956 0.0149105 0.0380165 0.0338219 0.0328339 0.8475783 0.0317163 0.0031582 0.0109458 0.0229695 0.0130838 0.0067898 0.0301934 0.0140187 0.0286580 -0.0470792 0.0056899 -0.0061764 -0.0075265 -0.0052261 -0.0007123 0.0116769 -0.0102692 -0.0115701 -0.0165645 0.0265000 -0.0109130 0.0309169 0.0254799 0.0248841 0.0169279 0.0134544 0.0133309 -0.0040347 0.0258407 0.0018266 0.0149790 -0.0063443 -0.0263090 -0.0242203 -0.0030186 -0.0014533 -0.0052759 -0.0073908 -0.0357134 -0.0122792 -0.0678980 -0.0764205 -0.0082718 -0.0183455 0.0047765 -0.0409842 -0.0165112 -0.1302510 -0.0191473 -0.0522013 -0.0210543 -0.0217091 -0.0055731 -0.0926479 -0.0214906 -0.0962661
